258
911
623
486
157
354
364
197
747
895
177
881
448
823
673
239
149
397
602
572
596
66
842
141
170
349
767
986
642
763
598
920
565
665
424
314
815
349
34
32
359
566
34
568
213
175
757
567
211
615
750
719
465
648
649
833
747
108
799
278
376
177
565
526
850
859
680
112
586
850
151
73
837
736
638
324
637
573
391
457
219
213
308
740
20
258
865
198
70
445
31
371
751
501
851
369
324
94
393
445
331
298
974
974
3
178
847
890
997
249
200
34
122
853
906
411
280
105
644
609
170
888
528
821
841
501
504
698
989
714
659
741
129
491
799
574
674
451
656
940
375
4
84
182
0
509
521
308
386
276
318
372
538
138
688
164
704
236
293
496
995
796
783
462
125
957
439
886
689
452
437
627
334
695
241
523
583
304
469
798
738
963
346
17
270
494
931
104
56
33
480
413
832
521
740
437
321
152
272
478
233
904
216
365
80
800
377
249
641
428
110
173
904
625
273
572
975
540
639
36
54
158
692
300
154
329
451
238
660
392
283
71
663
520
441
780
290
412
860
14
117
318
240
715
491
731
657
437
690
630
615
535
682
769
120
714
435
960
78
384
634
458
394
815
580
304
12
175
404
773
780
921
452
14
936
60
58
705
749
511
404
603
518
655
824
832
488
99
889
935
890
71
881
26
619
91
786
893
763
151
836
796
20
552
637
611
607
839
348
638
218
535
990
168
354
643
423
561
949
125
676
865
245
512
184
201
616
235
261
227
995
699
833
864
10
77
530
971
441
315
905
27
973
467
581
465
322
294
712
366
418
777
983
145
327
822
920
851
442
420
91
928
383
270
243
820
847
802
142
694
203
559
625
985
731
979
307
822
611
347
379
26
142
629
935
675
70
669
327
5
510
591
309
373
259
91
332
811
739
795
533
924
819
644
30
744
46
114
268
484
671
728
587
687
732
511
597
155
326
756
298
469
255
683
491
218
27
732
865
193
595
183
951
153
268
916
275
479
347
88
284
145
370
563
488
748
865
321
77
921
193
621
762
587
121
614
329
305
574
833
301
444
264
597
896
302
648
318
268
447
381
136
40
620
14
153
741
28
851
111
631
340
625
962
32
844
623
129
628
166
440
946
661
378
879
357
171
82
762
483
281
784
740
64
179
5
673
315
146
67
706
975
864
141
549
638
416
844
402
113
460
444
592
551
808
933
533
397
371
582
562
253
374
91
220
81
929
401
967
810
418
19
721
783
272
858
138
390
445
103
327
787
868
267
678
824
601
713
356
849
230
206
457
869
25
176
998
729
587
849
977
924
819
509
440
128
887
502
186
236
269
328
726
343
566
96
230
657
73
53
208
838
170
941
460
862
338
940
167
737
849
484
791
914
562
431
55
532
588
89
857
341
929
970
758
594
677
650
246
181
477
616
411
814
395
215
277
697
585
365
881
180
233
897
664
976
875
186
771
466
363
268
968
102
812
531
611
861
642
307
872
881
624
220
561
584
178
462
732
879
700
169
285
994
968
414
91
32
987
844
409
265
859
785
733
88
601
44
314
119
396
500
888
724
411
780
886
328
674
811
991
906
382
456
456
622
327
822
54
724
690
546
422
314
396
15
374
397
756
64
579
870
718
535
849
40
551
975
461
42
429
522
412
130
357
71
359
599
724
139
739
567
553
455
887
900
764
922
82
99
826
741
704
197
668
208
290
485
532
45
437
271
435
945
252
861
600
962
696
922
85
953
269
465
533
105
385
496
908
869
703
240
380
843
549
349
536
100
130
656
765
700
149
731
850
242
724
9
507
511
314
252
97
497
547
365
184
446
381
897
66
551
96
21
873
452
416
833
768
217
695
666
415
559
732
546
415
818
273
990
233
910
277
299
535
677
647
990
866
772
85
95
682
306
56
316
143
617
21
644
958
816
647
331
889
757
822
694
585
627
951
296
590
908
28
470
224
861
716
649
23
978
849
294
191
677
969
2
444
143
880
296
838
652
246
908
244
649
252
777
417
877
385
552
778
652
285
410
428
376
695
279
293
812
197
510
103
213
456
280
127
382
552
706
487
714
225
578
917
366
943
729
519
806
907
560
312
184
483
85
790
874
143
667
591
383
824
374
297
48
861
531
204
303
181
643
675
78
23
723
79
741
479
604
726
986
309
887
152
60
479
11
217
121
646
494
197
212
402
116
838
881
12
753
321
236
263
849
168
769
330
598
923
702
118
421
406
443
169
995
234
350
197
76
263
807
702
60
337
64
86
3
575
26
100
991
454
497
540
687
874
240
232
786
692
539
301
509
756
251
538
755
395
396
863
143
832
246
265
732
810
202
775
82
362
214
606
664
822
970
85
976
643
139
293
556
886
637
269
647
568
890
709
162
597
636
439
729
496
799
503
113
405
848
342
635
605
943
655
543
73
191
227
196
595
576
970
987
855
592
551
428
977
423
620
736
554
69
428
70
583
371
776
86
670
504
328
229
139
471
378
490
291
47
943
885
859
31
343
708
682
993
133
524
663
196
140
873
199
115
868
863
223
194
946
324
509
727
539
779
61
439
340
981
124
867
103
713
106
340
57
503
277
43
72
300
898
318
920
787
923
709
875
799
868
901
98
338
991
486
122
136
872
401
384
124
966
470
24
881
380
356
511
69
946
574
995
130
125
686
47
827
397
987
677
833
42
904
128
456
193
788
212
661
101
595
755
280
460
655
395
810
692
970
669
606
946
583
930
895
165
711
36
869
409
922
41
221
415
978
152
829
276
864
215
544
158
465
416
591
553
424
339
530
989
80
31
721
287
918
981
149
968
858
221
276
203
758
251
101
47
259
766
489
240
752
690
468
365
224
183
465
64
133
315
550
1000
567
695
531
376
106
520
786
621
147
366
965
861
878
195
388
903
108
530
176
178
589
250
769
404
400
766
545
247
733
317
379
169
667
669
57
750
502
505
289
791
336
795
757
505
887
449
357
414
770
965
546
661
222
635
312
545
943
733
525
551
137
681
812
526
318
369
244
40
166
649
610
518
171
674
898
362
94
278
808
642
618
123
362
538
381
336
179
583
92
46
166
215
133
779
525
128
16
722
249
623
531
548
465
228
754
353
786
795
591
257
818
301
462
35
307
357
660
761
123
851
588
684
962
17
853
175
709
997
663
17
31
48
710
928
617
704
409
980
874
420
571
593
818
438
422
762
847
691
684
589
343
89
379
508
544
459
248
805
698
467
445
714
150
623
584
926
154
425
809
703
427
423
34
535
17
502
175
982
642
348
635
902
33
385
835
739
700
57
602
772
422
566
203
53
571
651
93
692
864
317
420
896
946
147
512
430
367
505
523
381
41
937
305
851
606
758
354
562
998
989
170
960
970
894
129
217
382
991
172
918
999
517
349
499
785
205
566
569
642
516
62
22
163
964
826
51
122
239
675
235
318
679
836
196
686
869
580
920
627
793
617
920
53
590
941
178
109
439
702
441
619
595
78
797
600
609
595
949
874
310
28
241
749
621
21
690
475
525
93
214
980
195
892
590
473
764
536
412
250
708
361
502
902
2
382
877
496
624
303
535
716
602
179
227
511
114
478
733
698
651
499
572
400
714
861
339
312
585
800
891
339
650
3
109
858
395
291
880
398
439
395
70
914
81
276
737
260
340
594
543
300
300
777
906
466
283
587
99
760
408
469
393
633
0
876
983
773
554
139
138
888
837
876
370
328
271
957
361
839
897
975
202
113
307
32
527
651
373
266
764
961
762
320
84
427
1000
211
423
405
633
923
554
920
310
750
944
601
351
126
574
531
717
787
624
881
925
650
491
774
25
358
442
912
35
577
794
573
211
880
688
232
36
58
93
225
195
947
695
830
394
949
592
482
224
357
808
713
517
313
17
714
536
815
945
382
513
213
597
342
748
651
168
633
553
152
812
994
29
254
248
603
621
296
64
823
163
528
100
883
95
999
372
621
694
476
294
7
717
444
164
939
91
741
914
774
370
526
385
579
62
786
130
179
390
909
909
608
405
321
848
758
626
303
965
722
772
334
706
699
570
213
680
20
358
114
177
863
261
850
446
422
143
73
824
393
915
323
390
897
871
214
567
277
234
622
419
52
303
400
827
425
481
317
275
958
356
74
581
7
413
443
933
243
140
667
571
94
222
554
937
254
703
828
762
759
312
409
340
353
783
861
909
302
969
107
652
119
119
309
193
596
338
257
115
238
594
216
740
535
793
445
653
90
823
807
980
176
35
279
44
636
756
844
305
753
106
650
543
679
622
194
264
968
413
934
471
128
228
682
398
241
843
973
671
606
381
422
862
372
978
688
195
850
39
891
194
339
50
881
362
319
724
728
397
825
418
861
831
75
524
434
677
283
954
236
151
953
304
689
220
180
436
352
527
702
336
904
305
13
294
560
975
250
638
99
566
524
943
950
440
833
430
972
470
453
547
349
315
304
565
681
259
282
343
401
193
887
82
582
58
788
426
415
883
948
220
584
166
774
211
627
401
833
265
525
661
651
684
384
184
461
89
954
181
520
457
785
118
243
344
10
237
450
996
644
439
427
603
208
470
149
264
361
51
22
100
353
364
241
219
622
22
393
534
519
621
911
403
387
295
451
245
17
141
824
536
284
367
342
276
686
66
436
831
942
991
645
614
274
450
958
185
696
691
508
476
332
99
816
849
909
179
223
315
934
451
698
814
518
117
693
815
713
978
891
875
724
735
213
869
964
42
855
317
329
234
732
157
69
675
444
960
111
666
826
965
877
535
913
375
51
230
288
432
642
257
26
92
411
954
672
43
556
1000
688
29
498
938
860
244
320
910
904
979
140
923
866
590
926
668
969
571
616
33
459
218
123
836
992
761
919
21
508
376
486
142
141
147
213
234
777
705
21
927
766
754
213
85
998
572
193
952
421
488
150
816
66
901
525
306
288
482
230
406
415
1
729
11
232
47
612
957
227
766
469
660
844
293
697
223
47
528
534
666
680
616
106
915
437
809
291
175
778
204
749
792
648
862
928
856
104
844
444
149
26
487
867
892
699
300
667
799
719
435
499
381
416
994
59
588
931
170
815
936
524
446
489
339
872
547
63
439
922
538
924
417
474
747
228
111
155
274
49
584
395
98
55
968
212
865
898
302
975
200
680
930
591
232
450
158
243
19
476
801
187
80
140
954
684
540
156
499
494
364
486
544
978
736
562
447
95
410
366
152
522
120
42
581
225
420
263
806
958
609
87
599
289
71
571
641
547
70
241
724
487
89
346
715
430
334
323
562
479
636
449
342
948
325
267
848
917
828
178
532
775
310
734
476
405
810
40
245
986
926
56
274
864
396
307
963
342
25
901
596
575
246
523
764
500
866
275
320
437
129
326
859
212
155
108
216
253
63
629
612
294
838
838
684
233
767
891
413
285
329
838
422
335
932
225
341
156
505
663
485
807
544
935
272
154
495
719
754
515
526
871
581
395
237
426
261
350
150
256
963
868
787
501
777
458
700
796
705
202
61
41
978
871
190
668
889
548
972
361
601
214
626
121
443
893
93
558
147
804
37
692
175
297
282
673
283
260
394
202
349
663
515
794
539
239
859
989
784
349
889
36
783
348
122
908
945
113
287
584
155
757
902
852
740
258
656
541
928
901
250
573
243
544
467
495
908
918
5
855
730
496
708
486
489
527
342
948
427
637
563
600
472
847
203
945
445
316
154
577
760
83
662
732
268
330
464
163
572
324
1000
334
870
190
858
288
507
958
566
579
385
310
515
890
114
664
86
870
319
654
671
311
937
19
8
883
121
331
108
176
708
709
587
8
966
557
518
781
521
45
86
715
660
198
102
583
510
168
502
515
799
9
496
351
566
842
348
528
125
612
920
117
891
398
280
143
932
169
590
745
868
2
70
16
101
809
333
283
190
7
370
589
323
681
773
803
292
321
738
492
8
861
597
891
144
273
430
174
341
907
400
624
671
65
326
979
286
304
71
725
558
658
805
806
461
158
844
53
808
194
754
15
952
425
492
710
903
218
879
121
537
41
37
707
848
67
818
192
619
864
304
955
109
444
30
690
39
702
284
116
302
937
457
364
87
833
132
159
977
59
55
118
365
137
459
261
586
746
884
654
191
362
88
859
676
243
657
434
71
293
242
900
340
918
212
143
545
388
647
669
434
610
570
906
850
190
435
903
508
618
3
466
280
375
699
94
984
193
828
491
980
281
983
939
441
810
420
987
22
587
69
940
332
340
116
566
134
475
426
261
417
414
634
613
295
185
411
756
855
776
306
948
168
679
573
801
982
475
294
543
773
307
837
152
1000
328
901
846
279
177
999
946
968
915
70
119
131
35
411
852
39
651
121
296
365
131
938
365
889
664
499
697
415
83
526
735
300
731
260
949
872
521
226
144
141
236
81
284
734
325
731
950
915
482
42
11
320
173
80
152
129
641
883
188
156
755
590
827
686
892
236
144
97
612
337
410
504
472
653
7
537
277
567
494
682
73
204
813
582
549
65
921
711
666
805
172
849
498
119
328
712
971
483
989
411
956
753
975
845
164
568
451
232
549
801
494
137
703
211
958
23
26
408
200
686
87
25
672
777
816
68
720
966
366
928
287
878
843
207
49
754
235
353
756
826
310
405
331
533
398
543
629
548
439
135
321
853
398
425
821
875
418
217
449
40
761
937
846
429
821
812
819
333
992
12
335
952
624
315
377
693
713
628
315
169
297
846
487
348
466
208
824
820
563
523
208
85
64
426
93
342
860
955
678
2
960
728
160
149
829
521
647
182
693
800
359
721
986
895
991
148
67
110
326
405
295
194
646
303
355
229
257
728
942
787
283
649
238
15
809
709
915
824
366
224
100
580
820
206
249
434
995
268
853
778
621
911
279
238
631
289
303
822
216
978
578
745
163
87
649
250
328
863
222
365
192
528
802
140
705
509
956
94
7
406
692
669
91
714
964
5
963
150
98
913
699
527
474
135
881
206
120
376
190
301
126
205
205
492
532
255
80
930
236
34
175
68
343
508
648
64
199
224
612
175
860
842
341
745
416
677
239
606
594
839
864
449
753
868
839
710
931
562
991
571
936
971
543
31
703
670
553
348
2
584
531
231
456
910
694
612
867
424
817
87
202
927
525
379
543
157
800
786
567
602
672
185
24
878
726
348
591
547
694
401
897
48
820
887
607
512
108
352
546
963
194
291
172
917
262
718
159
548
298
36
749
921
952
177
434
738
77
513
893
790
271
722
342
210
552
519
941
302
869
945
917
692
229
826
973
634
767
57
384
69
203
93
834
816
536
960
369
715
566
552
450
178
937
241
898
956
363
828
666
224
700
953
709
52
578
3
15
547
115
240
787
406
387
280
570
454
184
140
332
584
559
867
893
532
661
487
355
537
657
933
777
309
44
335
253
29
186
202
932
653
875
673
729
215
323
319
297
615
582
507
450
667
237
8
569
484
827
445
577
834
276
749
806
736
561
357
27
138
620
917
919
584
749
7
826
339
924
239
479
525
524
445
281
837
126
648
641
240
316
407
865
804
858
354
639
998
317
751
932
834
348
859
545
366
64
587
445
46
14
992
551
476
428
531
536
372
445
928
603
170
858
929
588
660
486
781
455
927
393
497
450
440
966
821
947
514
946
579
972
802
712
273
997
937
791
631
730
498
119
182
282
336
70
684
219
636
279
915
777
314
203
486
79
546
806
92
441
606
221
874
331
771
968
561
540
14
345
803
58
229
600
584
388
807
143
624
515
458
407
129
589
754
758
709
729
809
695
600
967
298
117
782
343
142
792
430
570
621
741
971
762
220
807
621
96
952
427
102
653
576
752
3
784
415
426
3
650
396
28
274
533
590
679
161
376
396
855
843
86
243
28
135
593
323
756
523
105
887
283
919
255
684
385
743
976
8
948
779
551
878
218
710
952
584
765
93
662
454
598
296
776
67
342
18
708
756
512
895
649
519
851
15
868
287
805
910
72
392
643
441
918
583
146
89
442
971
547
727
444
68
611
339
647
122
716
462
305
524
741
561
621
638
226
680
695
41
281
846
965
259
79
564
605
523
391
656
180
380
277
460
76
583
205
722
864
372
402
836
923
337
281
826
48
144
615
106
534
384
393
776
860
399
420
982
939
691
817
386
541
352
716
218
633
89
840
112
190
214
227
398
138
874
16
388
444
114
874
230
609
37
589
985
546
628
155
879
808
962
208
351
485
743
44
84
334
315
55
462
871
997
348
734
378
809
425
658
278
419
647
302
685
951
982
972
317
575
635
323
739
263
476
450
897
211
564
171
552
734
671
22
1000
891
232
618
662
964
586
972
789
524
165
563
305
113
926
769
743
471
784
552
327
130
909
232
447
25
562
994
920
927
886
785
116
807
269
56
804
869
915
864
781
743
831
102
843
663
684
685
544
164
217
74
553
239
293
217
868
164
324
895
684
851
11
615
201
754
393
277
156
399
879
869
26
165
987
639
834
684
463
743
667
907
545
199
879
19
916
599
362
853
105
658
39
357
419
918
492
934
488
82
480
671
542
577
349
975
167
226
855
865
355
886
242
950
513
877
11
832
296
702
851
461
156
557
526
697
568
831
559
205
972
723
387
227
367
452
225
104
526
577
825
176
279
562
384
35
23
694
659
66
958
904
447
78
708
776
131
303
650
118
942
275
343
956
169
539
173
442
531
548
319
438
392
451
718
753
806
427
786
674
527
89
439
704
515
894
370
910
304
428
448
747
520
187
376
993
876
673
256
495
115
525
384
564
171
967
55
562
193
750
576
438
895
378
384
970
725
963
356
141
523
916
93
148
564
704
599
448
158
741
124
407
108
317
228
880
156
900
714
265
563
876
776
989
121
54
412
741
248
741
539
391
324
580
566
630
846
567
148
33
333
572
169
870
909
603
266
523
359
459
103
34
709
727
532
964
660
709
656
83
252
651
654
663
39
307
464
838
275
485
724
951
23
562
589
344
566
855
274
687
509
712
665
39
77
245
574
198
690
910
568
818
658
681
689
726
23
117
266
606
630
294
233
281
926
258
809
510
11
822
711
321
856
325
934
148
19
307
780
743
653
845
878
694
552
850
544
773
773
84
58
621
570
709
896
631
145
303
510
691
575
191
458
911
996
475
823
371
427
977
975
634
666
603
754
599
28
346
435
265
912
537
494
475
228
421
209
398
76
800
482
739
684
840
522
588
72
33
466
334
389
866
987
853
399
266
941
305
753
750
307
636
82
634
858
691
255
231
358
34
783
829
285
466
836
910
866
48
753
225
160
658
790
758
72
967
665
647
42
426
259
648
710
723
958
131
431
683
633
344
635
588
569
57
986
903
614
686
743
637
983
553
553
521
988
553
722
657
376
195
707
40
552
163
421
749
217
477
109
740
367
937
988
187
343
659
510
164
771
327
421
744
79
118
704
391
257
98
860
252
317
494
910
850
595
753
781
652
466
332
390
701
268
855
658
279
795
530
897
994
882
650
808
142
512
515
503
202
179
803
365
923
229
25
118
41
939
317
813
990
763
851
7
8
798
463
937
659
570
131
522
747
521
311
61
595
775
530
168
769
661
570
62
33
886
51
690
385
924
990
785
414
272
644
429
651
43
935
467
180
249
739
598
18
9
884
724
868
346
900
218
456
413
621
255
709
42
55
612
115
46
898
255
225
585
247
688
800
410
822
900
642
915
77
713
544
555
917
38
598
386
335
996
197
279
133
605
144
872
689
586
356
573
803
743
856
522
697
727
371
401
269
174
662
468
74
758
932
168
185
186
921
733
372
778
798
715
973
716
679
335
800
459
40
97
373
820
618
846
351
652
991
789
935
569
25
168
985
228
180
191
129
866
766
432
53
406
645
615
489
620
727
277
13
553
179
708
918
253
30
464
556
608
704
939
770
599
553
226
699
46
89
907
751
276
120
407
903
829
448
664
788
147
52
602
961
817
972
306
689
567
493
272
607
465
516
894
821
337
276
906
270
118
822
952
408
865
704
100
973
85
941
582
7
14
497
526
374
445
344
998
139
493
634
595
830
441
255
476
550
387
909
15
840
495
666
523
17
995
727
982
374
27
552
178
745
458
376
722
36
822
212
386
808
225
890
47
802
923
970
537
433
636
869
46
287
736
824
113
471
499
927
874
360
916
464
140
572
30
787
79
317
736
804
55
134
780
506
513
487
511
647
120
614
222
457
792
813
427
798
259
156
581
671
766
83
289
673
301
297
764
653
332
984
825
616
207
713
158
351
899
549
388
275
798
751
679
6
447
220
404
89
299
257
208
441
989
676
532
769
225
156
893
899
565
556
953
472
48
840
670
183
123
157
978
254
818
646
354
804
196
580
186
525
263
962
422
275
776
984
616
236
799
342
660
990
723
808
585
329
414
843
848
436
114
160
930
947
548
929
661
699
124
433
265
304
728
554
432
311
884
163
899
805
910
731
421
718
964
918
838
36
472
709
351
356
831
780
916
853
44
271
920
379
181
61
831
619
747
906
89
175
833
680
68
263
971
662
781
201
635
246
154
195
16
707
770
674
251
211
1
735
222
1
491
289
904
369
154
357
345
560
380
514
728
454
732
18
768
679
287
786
128
171
662
300
141
912
900
31
207
310
3
135
434
154
320
32
475
572
202
292
884
735
19
169
687
488
236
84
203
676
46
716
891
487
25
797
332
346
609
619
164
151
280
425
659
391
848
714
441
310
105
57
535
153
238
269
73
580
193
834
63
595
783
735
532
432
167
384
258
195
468
539
813
72
250
379
448
448
216
894
543
496
939
865
609
826
538
423
359
206
691
164
590
600
949
80
114
892
134
930
196
812
193
717
62
797
345
64
265
200
728
8
580
276
324
798
138
218
728
235
521
336
698
391
297
978
579
198
44
110
138
153
634
340
648
666
624
80
460
79
81
365
565
171
63
697
880
819
665
625
903
928
34
396
875
749
789
432
347
810
420
771
209
141
785
31
777
698
622
652
476
323
205
337
182
484
309
540
428
458
642
27
780
55
135
354
565
940
738
9
36
962
458
19
828
934
197
408
965
867
994
25
939
850
108
166
544
242
924
414
733
26
440
91
796
85
217
445
618
536
281
390
632
345
362
669
235
349
804
849
61
71
276
296
405
139
67
139
700
744
138
546
559
543
780
296
461
179
946
45
659
914
544
581
683
731
104
608
834
801
581
120
133
347
395
226
422
23
113
487
829
323
684
553
16
614
157
890
130
865
646
481
795
192
689
268
874
323
608
841
344
233
472
550
655
2
395
176
913
688
895
605
884
35
759
229
227
296
724
976
611
954
571
992
668
832
756
367
639
36
202
655
580
197
230
854
656
153
145
814
13
813
517
406
964
258
311
460
48
698
967
593
819
15
10
491
52
73
961
664
514
101
282
665
36
597
408
463
372
285
616
552
807
971
540
593
342
490
333
380
761
511
518
214
765
920
668
606
314
95
338
8
777
799
360
797
467
608
393
576
557
540
458
773
690
365
218
243
860
588
651
249
946
490
708
636
670
389
929
402
595
803
423
802
737
818
362
403
401
844
271
924
191
702
444
704
97
899
537
693
954
647
212
274
451
34
263
946
878
352
146
601
732
201
40
595
517
413
145
292
626
584
538
605
227
65
803
780
313
425
476
983
566
227
895
757
548
283
898
587
247
912
262
426
526
286
755
294
944
161
243
910
536
959
560
315
563
473
517
806
678
479
106
361
585
352
202
798
278
926
299
827
704
424
418
614
595
93
930
907
491
838
6
200
928
726
554
185
578
88
884
188
824
692
542
53
712
573
26
250
490
615
20
729
145
337
692
280
565
862
645
504
711
421
398
75
628
396
858
863
945
75
414
692
193
802
4
737
320
190
843
826
864
840
859
570
442
395
753
84
918
912
703
362
680
190
733
836
682
161
134
578
665
617
528
576
98
510
30
102
387
429
313
962
906
33
235
277
494
36
787
508
453
328
638
566
514
724
745
201
219
195
724
485
925
436
444
552
38
5
116
333
562
483
442
179
384
698
262
966
296
656
589
165
504
315
103
502
922
183
529
928
182
742
839
620
749
443
399
875
690
63
212
25
343
505
286
760
110
269
600
628
613
218
451
8
964
985
896
722
822
564
305
974
824
275
85
159
856
921
179
606
311
158
15
802
703
573
870
500
516
545
150
301
75
282
999
274
715
37
681
789
770
350
607
821
396
728
598
832
361
782
973
846
720
310
109
853
599
890
291
149
945
211
674
327
580
767
50
660
60
58
638
848
562
820
366
194
788
112
564
957
296
331
136
534
270
858
812
257
949
837
537
568
835
551
25
215
781
122
165
547
8
287
717
572
522
887
464
987
232
517
56
812
747
813
225
451
400
982
49
669
162
550
355
816
642
675
64
465
198
275
903
745
933
449
221
476
842
101
536
431
24
642
798
230
961
976
7
924
474
694
497
882
680
855
569
768
556
955
276
752
412
912
40
196
251
434
90
108
564
376
329
119
570
553
409
161
484
642
595
187
793
331
137
734
592
579
689
440
850
280
327
895
221
277
620
944
319
954
876
309
755
380
746
142
406
965
974
121
819
817
753
848
240
289
68
108
227
760
363
949
914
976
80
137
239
210
293
951
69
21
451
153
297
344
367
858
700
907
292
247
231
264
525
891
52
470
662
334
82
962
310
772
427
206
116
576
292
701
887
190
952
28
922
602
675
410
112
587
310
493
320
287
877
471
575
861
57
36
712
406
134
470
432
702
782
766
465
294
579
156
991
327
378
715
204
713
737
785
889
135
382
23
558
641
519
104
184
82
518
13
121
248
218
446
316
426
525
614
555
499
920
916
4
434
425
201
516
811
952
685
415
242
497
879
558
62
593
889
554
585
510
419
735
580
151
61
676
157
637
780
884
856
59
942
398
44
92
424
418
738
48
311
252
388
545
825
386
103
326
609
761
198
563
736
998
133
917
362
747
522
465
486
465
465
587
240
766
424
276
691
652
322
326
969
765
72
567
1
132
440
785
143
197
644
709
70
562
754
752
366
529
605
261
205
776
738
148
679
109
242
252
310
940
234
1
812
989
752
788
426
651
472
406
914
91
632
360
958
546
218
368
532
713
317
523
553
725
803
136
150
630
44
857
469
641
320
927
17
839
38
16
485
277
555
334
804
689
155
46
498
401
443
742
475
228
196
960
845
891
192
749
103
765
955
725
590
411
915
735
345
229
161
215
597
413
335
829
455
719
812
540
202
647
68
366
813
104
194
25
754
282
844
198
648
466
117
485
911
554
4
513
998
519
436
323
239
364
353
534
276
808
57
293
869
553
659
573
195
763
387
879
298
808
610
897
622
613
48
562
533
98
160
4
4
465
239
623
963
535
745
132
344
807
90
585
980
17
47
317
40
503
345
362
627
696
256
629
344
991
265
726
174
667
745
943
767
182
925
98
495
824
398
910
590
715
388
482
149
424
715
249
170
167
196
786
147
877
998
877
846
292
780
565
51
133
374
702
203
726
233
104
620
193
131
386
861
650
36
257
327
735
18
586
899
115
793
887
289
786
781
740
356
644
954
59
771
937
408
441
15
155
93
780
13
682
769
902
107
835
332
610
661
931
681
213
875
104
840
628
406
954
803
719
853
350
858
417
143
747
690
398
84
713
652
573
338
45
444
862
354
198
682
374
745
428
342
349
190
4
536
861
775
174
913
638
819
718
468
38
984
730
534
673
4
75
290
679
542
949
603
329
73
790
103
837
90
468
675
632
148
112
908
719
753
64
176
85
979
784
265
243
580
752
562
316
497
71
548
820
313
62
540
978
379
454
937
377
112
815
114
82
223
509
451
212
892
476
610
987
315
767
399
921
609
648
556
963
769
84
428
952
890
20
791
602
901
37
797
758
697
711
211
476
112
854
152
378
348
9
699
674
661
602
530
623
274
242
321
296
773
453
975
952
261
350
498
321
310
130
295
390
513
114
286
339
267
673
362
16
214
318
398
816
617
403
832
834
569
836
714
388
461
528
53
568
642
674
803
759
50
141
531
745
417
585
186
90
502
474
858
607
860
265
316
403
873
787
735
823
520
565
718
932
434
770
734
72
792
584
229
827
681
668
46
228
737
768
613
801
993
434
664
336
427
43
560
519
765
836
751
870
551
695
413
435
992
717
462
889
463
557
863
557
499
769
330
121
626
854
440
37
393
421
892
476
324
812
785
780
930
402
726
173
843
290
401
216
431
472
629
518
595
486
84
235
600
767
225
138
216
808
295
623
210
685
357
118
986
168
929
84
626
188
904
549
215
493
651
922
861
488
515
350
133
538
942
235
7
545
100
840
50
708
268
292
114
133
784
609
270
820
226
151
165
423
856
904
1
943
229
930
647
382
465
639
423
569
737
729
478
690
143
697
273
846
835
761
323
888
855
855
284
797
940
158
286
33
244
451
136
228
245
73
472
669
184
85
873
458
694
961
39
593
29
903
791
345
731
368
34
583
340
159
198
418
902
109
606
937
730
454
800
65
366
686
43
615
39
612
820
589
456
928
957
163
212
495
388
509
772
639
104
405
248
35
926
920
136
882
109
532
965
365
595
46
144
875
659
58
743
104
51
599
683
844
90
41
194
146
612
355
649
346
618
671
991
600
378
662
134
159
470
837
796
573
725
516
393
871
138
30
820
937
759
541
264
113
692
163
249
847
583
441
931
573
858
131
635
380
893
970
259
53
364
211
454
472
502
830
631
347
491
885
120
189
16
886
598
224
99
763
826
707
205
611
616
836
30
567
266
242
924
497
948
99
99
937
234
671
183
570
970
920
113
466
462
687
723
192
769
93
357
888
346
755
246
573
674
167
838
533
457
487
854
656
529
888
615
218
295
922
713
46
648
541
821
642
93
373
280
384
348
887
570
196
320
208
897
963
56
836
160
492
213
876
953
471
480
600
49
459
383
963
301
427
470
307
913
919
204
603
402
380
489
361
396
791
751
173
477
71
540
880
603
622
140
968
648
162
951
700
88
543
749
204
224
658
76
514
662
868
745
473
293
276
629
817
982
250
873
779
628
932
719
51
693
32
463
377
540
338
120
163
920
170
290
393
998
737
122
844
469
48
452
282
206
156
302
457
205
268
994
432
117
846
247
298
795
378
544
221
725
135
398
898
199
816
110
434
312
532
419
425
924
640
45
952
417
938
274
754
725
297
534
864
803
637
404
134
482
202
964
975
347
532
883
684
864
422
623
893
33
589
209
536
154
869
812
765
172
991
113
257
557
478
53
954
758
566
122
803
209
596
183
198
588
470
348
482
829
529
655
720
364
640
235
47
71
577
924
154
916
516
54
118
797
719
556
468
40
115
838
366
599
920
241
833
433
216
665
882
917
276
534
649
725
448
679
664
493
445
715
320
64
763
747
241
804
62
661
939
30
392
207
331
907
709
410
91
920
386
414
502
873
802
234
477
978
813
450
85
703
765
359
36
201
820
242
332
227
99
870
526
378
627
683
690
746
270
802
231
858
160
545
722
267
623
886
373
377
569
240
496
246
354
577
900
480
661
862
447
331
431
161
479
404
497
110
88
266
401
730
590
416
639
111
442
632
456
130
822
512
366
948
291
379
425
185
44
189
430
927
945
770
396
431
17
321
879
606
861
622
574
282
35
55
993
687
144
97
953
245
863
139
329
465
227
826
424
1
369
583
8
691
387
750
876
333
510
796
707
254
159
188
134
759
908
436
311
971
189
758
440
20
132
480
759
296
25
164
723
561
932
750
145
133
119
540
629
215
735
61
875
97
195
188
459
92
151
149
317
642
702
590
971
460
809
124
93
656
430
863
147
118
586
924
1000
220
227
644
300
11
537
707
271
983
973
936
991
299
927
24
124
134
975
48
742
218
739
831
568
496
450
613
363
714
857
977
87
396
67
826
734
942
528
235
186
39
854
536
142
72
326
661
717
452
420
74
845
794
389
117
871
900
923
942
403
744
955
99
906
214
398
1
72
953
940
957
928
725
172
892
457
280
574
876
2
504
336
465
319
52
686
899
939
909
384
977
305
342
953
778
551
895
187
624
923
268
788
672
973
758
773
405
243
953
468
435
1000
386
299
224
525
483
490
80
660
779
672
917
74
991
941
153
631
976
783
523
826
894
900
417
966
98
635
468
305
124
863
627
448
567
832
694
674
728
219
597
677
269
714
558
579
882
514
775
621
221
56
661
563
525
335
626
768
358
758
324
491
486
690
229
575
700
963
894
729
349
345
186
102
205
625
941
202
38
722
225
645
690
605
418
893
560
244
680
306
786
336
767
537
167
873
740
839
395
696
271
307
470
50
205
854
787
13
293
313
8
42
368
435
673
370
115
972
239
91
404
393
601
525
105
698
714
540
284
396
285
516
475
358
972
146
823
343
227
327
993
652
60
970
807
890
300
142
757
287
817
981
702
798
532
416
393
332
619
648
680
243
378
826
152
857
170
469
668
12
935
327
845
736
775
932
904
674
451
646
92
717
124
292
516
445
575
834
766
843
522
209
443
541
441
885
761
948
842
938
716
733
592
129
660
953
946
297
581
652
806
298
44
132
547
553
673
572
836
13
333
840
968
354
899
514
926
472
112
926
248
286
831
779
385
478
1
117
248
613
531
784
172
163
88
362
735
119
809
290
169
607
968
798
57
2
459
452
136
867
635
829
327
452
163
309
308
933
883
948
769
262
633
389
916
42
838
617
360
414
940
993
33
616
310
881
130
512
442
276
927
483
234
60
196
319
307
717
878
433
979
27
295
248
259
399
710
633
887
934
303
954
94
12
128
607
658
659
625
175
471
919
501
459
60
588
303
860
98
584
627
619
456
606
766
636
960
450
237
253
968
790
995
59
527
406
406
224
911
547
162
603
522
680
577
386
878
308
947
893
37
367
750
164
267
866
173
533
41
492
302
100
129
100
181
121
548
548
644
135
579
188
621
147
277
926
242
311
603
19
97
929
151
365
464
5
548
33
997
616
666
290
123
144
948
954
512
65
706
698
468
372
450
129
977
713
499
922
713
93
989
514
348
154
877
280
69
483
167
102
463
778
560
232
900
698
167
540
652
538
813
511
144
781
282
907
661
544
536
593
557
889
762
533
353
686
588
757
17
399
416
689
742
60
66
944
247
752
104
64
985
1
966
740
108
161
468
785
539
915
38
739
317
148
915
69
998
25
322
983
194
725
644
892
602
34
914
429
743
491
882
635
850
94
762
433
82
20
633
478
439
109
393
935
842
870
922
0
392
946
24
897
232
148
420
784
870
745
967
672
906
111
605
139
449
366
915
163
20
437
597
959
66
748
845
381
860
137
172
397
776
250
530
178
28
437
77
983
405
454
171
263
187
223
866
160
262
495
210
372
433
527
604
992
456
918
81
265
567
235
573
23
21
895
761
507
656
416
10
839
660
373
293
887
254
956
606
510
695
321
56
278
547
728
150
307
483
572
335
328
1
65
772
77
549
371
236
423
405
50
831
594
478
845
776
204
812
73
527
267
877
125
602
131
13
804
839
467
131
387
761
860
362
987
279
327
348
592
130
967
499
635
459
4
973
701
236
454
539
483
868
708
945
676
728
479
6
553
566
608
132
830
959
706
927
672
454
676
564
363
301
500
552
974
283
139
181
308
89
219
661
336
431
434
323
643
646
719
698
138
396
929
629
487
304
495
957
712
517
962
760
876
347
338
160
437
260
945
41
374
3
350
307
814
857
322
547
274
56
654
114
826
306
327
691
889
5
12
961
400
84
193
324
121
64
30
119
652
139
759
28
722
266
789
693
642
548
26
598
919
429
273
274
970
248
868
707
680
265
68
654
869
41
699
90
991
494
813
796
406
357
366
454
623
211
905
163
887
507
127
362
898
984
536
424
783
378
175
935
22
151
293
464
188
190
903
500
877
170
586
408
766
641
301
129
293
296
601
888
287
61
848
39
350
181
917
891
305
756
417
570
132
967
291
39
699
889
958
106
143
595
845
197
563
203
881
321
790
469
566
866
873
972
805
979
430
419
81
273
47
348
412
742
670
530
824
596
338
406
540
561
617
438
608
94
549
974
413
546
228
942
881
671
546
526
526
372
448
573
733
160
187
313
625
558
8
387
267
916
348
199
792
148
815
61
397
421
660
600
342
480
144
12
378
663
116
206
246
164
726
798
243
405
251
615
914
345
359
712
593
813
902
879
499
562
703
925
805
261
133
910
308
760
399
283
213
26
773
693
286
355
735
886
671
153
118
889
969
755
862
642
749
349
906
762
507
683
258
358
394
333
423
462
444
582
910
383
3
523
678
501
214
734
728
886
835
38
858
85
469
543
719
541
891
824
363
51
126
315
111
444
103
158
796
434
968
784
53
678
430
912
931
192
452
28
294
234
95
805
268
261
148
398
849
302
221
649
462
741
943
133
373
82
149
876
324
671
238
345
35
722
464
161
20
258
805
32
649
618
998
971
144
443
967
938
173
424
248
490
189
673
806
407
353
206
790
689
519
887
386
807
256
666
715
360
430
185
312
930
525
49
307
515
942
716
373
938
96
435
243
935
10
984
742
580
88
364
81
50
390
517
35
865
892
970
362
424
756
751
516
975
11
716
618
737
755
764
253
327
795
707
338
217
996
988
663
468
124
535
560
632
803
709
3
952
907
962
609
494
81
427
358
447
80
649
242
200
826
112
989
719
178
55
334
115
511
541
2
666
927
68
602
442
887
532
218
144
217
33
81
166
205
527
568
814
584
606
548
924
639
262
106
218
964
318
960
290
800
987
368
348
198
387
431
940
599
795
523
613
354
612
321
853
754
493
447
524
500
674
691
123
113
914
977
784
109
260
859
285
757
612
21
91
442
654
403
614
108
405
956
319
63
603
756
805
134
224
560
317
955
358
468
84
104
119
180
486
726
490
159
27
247
327
425
933
871
949
501
631
270
123
90
342
266
171
690
405
930
867
546
922
665
997
567
905
151
185
950
419
141
74
343
851
600
323
183
494
108
393
9
501
568
175
726
861
265
511
704
458
744
222
71
800
834
825
861
535
875
75
120
78
850
530
900
939
274
10
173
851
36
937
144
208
789
227
771
418
967
26
458
178
754
6
138
27
872
354
985
612
363
704
752
183
349
659
434
274
599
658
673
924
675
398
828
15
236
58
505
534
557
817
114
916
938
259
381
56
392
922
923
458
664
811
189
387
895
42
858
277
308
157
301
680
292
321
122
355
778
938
167
654
20
476
578
95
151
175
971
496
919
696
246
406
64
284
397
496
653
703
360
386
781
474
153
819
930
406
255
526
557
400
115
43
609
465
224
918
523
288
30
256
741
24
659
235
65
238
1000
48
164
870
852
928
894
138
580
569
420
196
339
216
985
563
357
642
760
972
592
208
320
935
966
518
346
893
747
443
980
95
617
401
559
841
81
701
684
853
2
138
832
869
19
669
742
767
76
145
991
426
391
671
311
321
182
131
845
897
82
251
553
547
539
433
957
467
372
299
78
388
970
453
907
548
283
363
693
388
365
459
873
244
926
207
603
703
548
965
204
924
754
702
421
170
712
514
173
731
327
489
22
658
529
368
98
454
831
138
660
442
490
980
603
16
398
970
610
680
455
313
141
610
545
595
123
489
167
64
598
653
864
146
517
826
669
801
372
889
41
87
599
998
172
602
643
119
161
416
591
695
566
595
372
319
617
645
681
659
790
288
128
29
260
171
233
691
48
54
687
731
187
602
875
341
181
617
720
659
954
298
289
171
543
358
119
336
956
103
118
949
902
747
39
361
45
33
649
579
926
825
56
119
978
995
442
615
788
643
50
513
9
25
693
669
270
573
140
411
568
557
892
851
867
157
616
674
654
911
303
441
932
586
614
331
47
102
374
427
18
814
784
980
544
530
328
787
926
255
357
834
952
528
770
208
825
455
990
664
714
572
25
415
841
351
909
253
508
208
806
441
16
438
283
714
468
308
414
794
976
164
440
963
236
341
126
372
622
250
49
635
528
493
751
813
914
656
718
224
541
69
929
738
457
516
745
916
627
404
284
941
406
540
526
92
971
507
995
158
923
391
508
104
952
780
247
448
116
313
479
284
407
282
423
59
425
774
942
87
430
461
268
685
326
107
241
286
987
893
600
925
301
565
986
357
851
493
337
368
625
567
551
840
329
978
919
885
40
224
670
573
171
646
720
912
630
36
93
220
784
549
582
160
81
414
341
75
821
523
68
175
243
465
76
883
528
166
160
157
541
898
923
94
682
819
727
40
784
742
14
210
989
136
859
219
613
175
316
87
894
591
467
883
776
857
918
994
134
906
661
47
567
697
319
801
491
400
498
794
38
624
818
286
821
950
493
741
381
929
891
796
163
801
400
142
422
414
441
136
707
810
623
817
529
201
414
989
522
816
838
233
282
973
115
959
634
619
981
955
517
702
123
863
850
995
905
779
415
282
825
414
62
535
623
253
230
439
455
512
156
232
433
458
471
367
261
145
474
419
661
495
328
405
618
782
365
266
947
267
860
190
504
869
734
125
804
92
105
51
603
12
889
800
337
737
696
102
451
847
190
551
556
330
916
296
833
271
108
787
834
698
4
8
427
705
206
136
221
741
715
135
620
851
405
820
678
35
408
98
531
556
344
139
304
141
789
883
136
600
200
146
455
398
288
710
86
339
50
132
298
577
379
902
640
630
691
340
454
603
684
971
612
958
792
486
178
135
961
386
597
70
554
671
121
374
83
854
44
324
696
105
816
462
259
260
584
127
142
136
576
694
871
341
902
959
730
520
220
38
811
489
484
352
189
795
507
229
785
285
713
32
998
391
415
492
800
88
162
942
104
927
679
321
836
578
90
673
78
353
307
305
610
200
561
126
136
46
825
339
681
965
7
720
790
613
954
406
836
431
509
199
298
669
941
32
261
891
273
510
484
405
453
951
867
674
480
929
36
633
407
121
601
655
435
960
906
312
988
156
359
715
289
95
676
687
630
786
358
620
957
498
995
86
521
849
83
28
474
749
90
14
753
242
655
772
864
618
951
185
804
649
60
196
552
831
980
283
965
968
692
451
55
122
313
332
911
68
338
303
998
674
127
848
961
398
222
253
958
673
171
554
613
737
240
304
820
800
444
825
472
921
646
36
166
161
678
166
232
527
523
286
713
9
813
310
604
399
105
260
636
349
617
680
751
224
282
125
884
493
566
123
858
804
432
191
942
581
550
232
476
507
904
392
407
985
759
398
147
675
84
387
550
275
77
417
5
807
153
800
28
505
419
9
619
629
640
900
655
755
411
241
613
264
390
85
626
44
942
218
345
576
413
364
660
736
740
340
432
176
539
747
318
629
731
732
205
680
699
348
373
466
401
807
820
548
891
682
57
310
956
448
100
566
620
86
843
886
591
479
6
611
752
816
237
479
160
291
799
567
770
531
41
749
239
867
611
374
325
652
101
328
794
280
484
37
240
767
764
664
549
153
302
905
581
801
415
428
662
876
515
533
643
797
958
657
949
925
462
215
192
741
773
965
114
168
937
497
969
92
607
869
318
255
342
36
171
613
182
345
167
362
979
712
651
359
948
970
493
168
353
248
203
111
260
445
461
488
679
951
65
352
112
507
223
924
939
584
870
416
516
31
969
988
156
696
446
543
949
499
663
42
700
670
89
574
957
448
322
300
380
47
291
341
919
122
330
901
861
5
174
732
446
222
586
834
936
663
806
548
985
264
215
202
34
544
33
923
508
163
523
262
249
600
511
348
725
815
658
303
8
312
920
607
442
609
794
853
727
165
653
874
102
923
133
43
609
137
5
445
327
541
38
468
333
722
988
296
981
876
640
570
643
659
637
236
325
169
725
677
890
368
178
225
412
426
711
402
227
878
490
406
312
178
976
634
341
169
281
362
607
37
724
729
258
448
769
931
456
129
471
57
198
631
545
374
983
912
453
791
683
442
888
170
633
948
510
389
797
424
449
816
998
308
966
825
279
592
500
676
913
481
921
342
585
893
642
739
415
72
349
730
141
159
305
731
34
997
327
790
464
91
219
621
329
85
587
191
639
131
293
879
877
223
533
235
45
744
78
810
387
464
336
311
367
976
245
2
196
153
847
612
431
669
761
363
696
642
416
794
731
377
934
720
275
75
896
489
439
243
8
241
229
981
782
902
46
840
16
670
268
534
397
900
713
917
782
337
841
773
16
22
101
377
593
841
915
718
96
67
46
731
17
981
392
592
360
157
193
765
132
438
594
494
721
692
488
168
699
839
405
263
990
425
197
829
560
956
85
101
819
706
762
506
115
669
619
99
111
334
177
140
402
937
337
488
994
167
238
81
745
745
390
42
790
968
509
418
946
552
941
54
810
256
326
603
665
768
144
81
377
560
71
267
428
189
898
579
969
675
371
656
444
919
597
973
469
240
679
280
434
375
642
878
105
907
822
357
286
375
163
126
5
443
556
511
654
242
551
209
935
645
989
507
428
736
24
537
439
87
994
952
45
651
181
922
158
655
708
591
856
562
518
390
306
823
309
613
577
629
469
490
649
36
823
384
689
498
40
363
511
99
254
89
564
488
770
212
542
866
905
595
491
272
426
107
918
74
908
2
917
12
331
38
446
134
484
225
771
206
704
317
966
250
883
186
227
543
574
44
763
111
880
279
769
30
889
711
627
839
782
584
108
598
533
354
31