2
15
49
20
14
4
39
15
10
34
5
11
45
13
2
0
43
42
45
5
3
47
5
29
12
49
38
39
4
15
45
10
49
48
4
9
8
13
21
41
45
2
16
33
46
49
12
6
35
50
16
1
39
40
41
25
12
5
38
7
48
0
49
6
12
1
43
4
50
3
17
6
7
30
44
49
39
49
47
15
2
18
40
47
30
35
25
32
24
11
9
9
14
12
13
14
26
41
37
33
37
42
45
9
17
44
42
29
30
9
33
0
27
48
7
12
50
37
46
49
23
45
3
48
27
19
30
28
0
42
35
40
12
43
19
22
2
35
27
49
26
32
29
35
21
45
1
49
42
20
45
41
14
21
30
10
2
26
0
13
30
47
36
44
36
17
30
0
12
39
31
8
12
17
26
18
2
41
4
15
29
3
26
30
32
10
41
50
32
0
36
46
0
9
17
12
7
41
19
23
45
39
16
34
11
31
1
47
26
49
50
36
16
2
36
19
0
28
21
42
3
31
3
22
37
35
39
31
1
31
42
41
43
32
1
20
34
38
26
47
11
5
48
35
44
5
47
46
31
4
48
11
34
16
37
12
24
29
27
26
4
13
46
33
34
18
38
35
18
48
7
0
29
5
15
13
17
9
27
1
3
42
1
16
47
14
5
33
49
27
35
49
47
22
28
46
31
11
32
10
43
45
48
42
13
32
5
27
36
4
44
41
36
6
13
43
48
32
33
33
19
45
47
44
45
20
6
6
8
15
23
27
40
33
11
18
46
26
9
38
19
50
19
22
21
2
7
35
26
42
39
21
31
12
22
17
4
6
4
32
4
32
41
34
40
14
30
28
0
42
40
22
23
14
47
19
12
9
10
23
0
3
37
4
50
43
31
42
33
33
40
35
23
35
1
41
33
30
47
26
25
50
44
31
25
30
13
37
4
39
26
7
37
29
31
4
45
30
45
40
50
0
39
41
24
30
48
13
48
9
7
37
46
1
13
7
5
21
8
2
41
6
1
22
16
31
1
35
9
35
34
14
9
2
3
17
15
1
18
48
10
48
40
15
36
11
1
45
40
8
50
21
27
48
31
46
50
15
0
48
32
21
47
18
9
48
34
32
21
4
19
15
47
38
49
1
11
26
42
32
21
41
38
49
14
17
15
18
10
49
16
13
8
40
1
48
34
48
19
15
43
38
38
2
14
32
3
21
32
1
8
48
19
6
44
37
11
41
3
31
50
35
49
18
25
6
49
36
11
11
29
21
16
35
31
3
18
17
32
0
24
26
24
16
30
21
1
21
30
4
49
33
29
33
20
16
24
4
27
49
0
3
43
0
46
16
25
7
13
35
27
21
39
16
34
49
25
3
19
9
24
39
1
31
40
29
40
43
35
49
28
20
26
14
9
17
13
48
40
44
43
2
42
17
42
39
38
43
5
20
11
1
7
16
6
6
23
27
8
42
23
26
28
49
4
28
49
31
47
6
42
42
22
49
43
45
34
14
20
39
41
27
37
1
39
33
8
21
45
50
22
42
33
11
21
22
46
0
46
48
18
17
36
16
41
49
10
8
14
40
18
43
5
38
10
43
5
12
30
21
12
16
25
7
43
20
2
26
30
22
25
15
25
13
20
32
41
40
49
45
7
50
40
36
37
10
50
43
44
50
7
3
23
46
33
12
32
40
36
43
48
16
7
20
40
42
42
24
18
32
27
16
36
42
50
9
44
3
35
6
19
7
38
28
2
5
47
4
6
11
50
47
45
47
35
31
38
49
46
25
44
17
5
37
26
37
14
37
26
25
13
5
36
46
19
7
38
37
1
33
49
16
6
3
28
4
14
21
9
25
46
17
7
2
35
11
5
37
35
26
50
33
36
6
22
24
34
1
0
34
1
11
48
1
26
42
46
45
37
16
21
21
22
29
38
9
3
27
41
30
18
50
30
41
32
33
43
49
46
30
7
32
20
25
30
48
8
6
8
16
44
6
37
13
32
14
22
29
1
2
3
49
38
24
37
31
11
35
39
11
48
42
9
47
24
28
2
0
2
2
44
22
42
11
3
31
49
16
8
35
36
9
20
9
22
46
43
37
41
43
25
49
30
18
35
24
25
37
4
19
39
13
12
31
11
33
9
37
48
5
42
23
50
44
45
44
10
44
16
15
34
23
12
48
34
20
11
23
31
8
11
34
23
43
2
30
49
38
46
22
3
31
10
34
10
5
8
38
29
42
20
5
45
35
26
28
7
21
44
16
8
19
35
7
29
35
46
20
21
35
